6156
6157
6164
6167
6169
6170
6189
6190
6191
6193
6194
6196
6197
6198
6200
6201
6202
6204
6206
6208
6209
6210
6214
6215
6216
6218
6219
6220
6221
6222
6223
6224
6225
6233
6235
6236
6237
6239
6240
6241
6242
6243
6244
6245
6247
6248
6249
6250
6251
6252
6253
6255
6256
6257
6258
6259
6260
6285
6286
6288
6289
6296
6298
6299
6302
6303
6305
6307
6308
6310
6311
6313
6321
6326
6327
6328
6329
6330
6331
6333
6334
6335
6336
6337
6338
6339
6340
6341
6346
6347
6348
6349
6351
6352
6353
6354
6356
6357
6359
6361
6362
6363
6366
6367
6368
6369
6370
6377
6378
6379
6380
6381
6382
6383
6384
6385
6386
6396
6399
6420
6421
6422
6426
6428
6429
6430
6431
6432
6433
6437
6442
6443
6444
6445
6449
6450
6451
6452
6453
6454
6455
6456
6457
6458
6459
6460
6461
6462
6463
6464
6465
6466
6467
6468
6470
6471
6472
6473
6474
6475
6476
6479
6481
6482
6483
6484
6485
6486
6488
6489
6491
6492
6498
6499
6501
6502
6510
6511
6512
6513
6514
6515
6516
6522
6523
6524
6525
6546
6547
6548
6549
6550
6557
6558
6559
6560
6562
6563
6565
6566
6567
6568
6569
6570
6571
6572
6573
6576
6577
6578
6581
6582
6585
6586
6587
6589
6590
6591
6592
6593
6595
6596
6597
6598
