011324
011325
011326
011327
011328
011329
011330
011336
011338
011339
011340
011341
011342
011345
011346
011347
011348
011351
011352
011354
011356
011357
011358
011361
011362
011363
011364
011365
011366
011367
011368
011370
011372
011373
011374
011375
011376
011378
011379
011381
011383
011386
011387
011389
011390
011394
011395
011396
011397
011398
011399
011400
011401
011402
011403
011404
011406
011408
011409
011412
011413
011414
011415
011416
011417
011418
011419
011420
011421
011422
011423
011429
011430
011432
011433
011434
011435
011436
011437
011438
011439
011440
011443
011444
011445
011446
011447
011449
011450
011458
011460
011462
011463
011465
011466
011467
011468
011469
011470
011471
011472
011473
